f = @cycle_check;

test_matrix = [66 , 68; 68, 12; 12, 13; 12, 14; 66, 69; 68, 67; 67, 69];

f(66,69,0,test_matrix,[])